333,336
337,329
340,328
343,323
346,319
350,315
354,310
358,305
362,299
366,294
370,292
373,287
377,283
381,277
384,273
389,269
393,266
396,261
401,255
403,252
407,248
411,244
414,240
418,237
422,232
426,227
430,224
434,220
438,216
442,212
446,209
450,206
453,202
457,199
461,195
465,190
469,187
473,183
477,179
480,175
484,171
488,168
491,166
495,163
499,158
503,156
506,152
510,148
514,146
517,143
521,141
525,138
528,135
532,133
536,129
540,125
545,123
548,120
552,117
556,114
559,111
563,109
566,103
570,104
574,103
578,100
583,97
586,95
590,92
592,90
594,89
599,86
603,84
606,82
611,80
615,78
618,76
623,73
627,71
630,70
633,68
638,66
642,64
646,61
650,60
654,58
658,56
662,55
666,53
670,51
673,49
676,48
680,46
684,45
688,43
692,41
695,40
699,39
704,37
708,37
711,36
714,36
718,34
722,31
726,30
730,28
733,29
736,28
741,26
744,25
748,23
751,23
755,19
757,21
761,22
761,21
767,19
768,20
775,18
781,19
785,19
788,18
793,14
797,14
800,15
804,14
808,12
811,12
815,12
818,12
822,13
826,14
830,13
834,11
837,12
840,12
843,14
847,13
849,12
852,12
854,13
859,12
867,14
871,15
876,15
878,15
881,15
885,15
888,16
891,14
894,16
899,16
903,17
907,18
910,20
915,20
917,20
920,20
923,23
928,23
932,24
936,26
940,26
944,28
948,28
952,28
956,28
960,30
964,32
968,34
972,36
976,37
980,39
983,39
986,40
990,40
992,42
997,44
999,46
1004,47
1008,49
1010,49
1015,52
1019,52
1021,55
1024,57
1029,57
1033,61
1037,63
1041,65
1045,68
1049,70
1052,72
1056,74
1059,76
1063,78
1067,80
1071,82
1074,84
1078,87
1082,89
1085,91
1089,93
1093,96
1096,98
1100,101
1104,103
1107,105
1111,108
1115,110
1119,113
1122,115
1126,118
1129,121
1133,124
1137,127
1140,130
1144,133
1147,135
1151,138
1155,142
1159,144
1163,147
1166,150
1170,153
1173,156
1177,160
1181,164
1185,166
1187,170
1191,174
1195,176
1198,179
1202,183
1206,187
1210,191
1213,194
1217,197
1221,201
1224,204
1228,207
1231,211
1235,215
1238,219
1242,223
1245,227
1249,230
1253,235
1257,239
1260,242
1264,247
1267,249
1270,253
1275,257
1278,263
1281,266
1285,271
1288,275
1292,280
1296,285
1299,289
1303,293
1306,297
1310,301
1313,306
1317,311
1321,315
1325,321
1328,325
1332,330
1335,334
1339,339
1342,343
1346,348
1349,353
1353,357
1357,362
1360,368
1363,372
1367,377
1370,382
1374,388
1378,393
1381,397
1385,403
1389,408
1392,413
1396,418
1399,425
1403,430
1406,434
1410,440
1413,445
1417,450
1421,457
1424,463
1428,469
1432,473
1435,479
1439,485
1443,490
1446,495
1449,502
1454,508
1457,513
1460,518
1464,524
1467,530
1469,538
1474,544
1478,550
1482,556
1486,560
1489,569
1492,575
1496,582
1498,587
1503,594
1507,601
1511,604
1515,609
1518,618
1522,626
1525,632
1529,639
1533,644
1536,651
1539,657
1542,666
1546,672
1550,679
1553,687
1557,693
1561,700
1564,707
1568,714
1571,722
1575,728
1578,735
1582,742
1585,749
1589,757
1593,764
1596,771
1599,778
1603,785
1607,790
1610,799
1614,805
1615,809
1617,806
1618,800
